22657
24527
24535
19409
21100199127
19881
26978
26574
26651
16801
19700188417
19133
21100196101
20651
19700188395
29993
11300153736
19479
120008
16715
16721
12010
19584
12108
51748
17956
28773
29093
21100212318
18434
146172
13900
6100153018
23340
23350
22581
19651
25820
26038
17500155114
13140
23183
19897
21928
28330
21100297619
21100216308
28366
17900156715
12996
25037
24242
26053
20798
24309
85291
29949
18063
22401
13531
16590
21100237403
21100265444
22471
16860
12354
21100220495
28677
19700173023
17814
24769
21206
16115
19014
18100156701
21100198409
18990
17600155041
21315
17854
15819
144840
5200152704
17436
5700165152
4000151822
12464
17700156734
20425
17700156440
17700156208
18991
21318
20313
20315
17700156408
17437
15847
19908
13345
21191
29229
24004
16594
27538
17899
27540
26465
27130
13443
27567
28599
29719
23571
19700174677
14231
17269
15359
14365
17809
6200180159