12010
12074
12354
12464
12519
12996
13140
13345
13348
13531
14181
14305
14365
14599
14750
15359
15819
15847
16115
16590
16594
16715
16721
16801
16860
17269
17436
17437
17809
17814
17854
17899
17924
17956
18063
18395
18434
18935
18990
18991
19014
19133
19479
19651
19881
20313
20315
20425
20651
20798
21191
21206
21315
21318
21706
21928
22401
22471
22581
22657
23183
23340
23350
23571
24004
24242
24254
24309
24535
24721
25781
25820
26038
26053
26055
26465
26555
26574
26651
26756
26968
26978
27538
27540
28330
28366
28599
28677
28773
28801
29093
29229
29709
29719
29949
29993
51748
85291
120008
144840
21100778827
146172
4000151822
5200152704
5700165152
6100153018
11300153736
12000154482
17500155114
17600155041
17700156408
17700156734
17900156715
18100156701
19700174677
19700188395
21100196101
21100198409
21100199127
21100212318
12108
21915
14231
19700173023